500 4865 10
1 11 2
1 12 3
1 13 4
1 14 5
1 15 6
1 16 7
1 17 8
1 18 9
1 19 10
1 20 11
2 12 2
2 13 3
2 14 4
2 15 5
2 16 6
2 17 7
2 18 8
2 19 9
2 20 10
2 21 11
3 13 2
3 14 3
3 15 4
3 16 5
3 17 6
3 18 7
3 19 8
3 20 9
3 21 10
3 22 11
4 14 2
4 15 3
4 16 4
4 17 5
4 18 6
4 19 7
4 20 8
4 21 9
4 22 10
4 23 11
5 15 2
5 16 3
5 17 4
5 18 5
5 19 6
5 20 7
5 21 8
5 22 9
5 23 10
5 24 11
6 16 2
6 17 3
6 18 4
6 19 5
6 20 6
6 21 7
6 22 8
6 23 9
6 24 10
6 25 11
7 17 2
7 18 3
7 19 4
7 20 5
7 21 6
7 22 7
7 23 8
7 24 9
7 25 10
7 26 11
8 18 2
8 19 3
8 20 4
8 21 5
8 22 6
8 23 7
8 24 8
8 25 9
8 26 10
8 27 11
9 19 2
9 20 3
9 21 4
9 22 5
9 23 6
9 24 7
9 25 8
9 26 9
9 27 10
9 28 11
10 20 2
10 21 3
10 22 4
10 23 5
10 24 6
10 25 7
10 26 8
10 27 9
10 28 10
10 29 11
11 21 2
11 22 3
11 23 4
11 24 5
11 25 6
11 26 7
11 27 8
11 28 9
11 29 10
11 30 11
12 22 2
12 23 3
12 24 4
12 25 5
12 26 6
12 27 7
12 28 8
12 29 9
12 30 10
12 31 11
13 23 2
13 24 3
13 25 4
13 26 5
13 27 6
13 28 7
13 29 8
13 30 9
13 31 10
13 32 11
14 24 2
14 25 3
14 26 4
14 27 5
14 28 6
14 29 7
14 30 8
14 31 9
14 32 10
14 33 11
15 25 2
15 26 3
15 27 4
15 28 5
15 29 6
15 30 7
15 31 8
15 32 9
15 33 10
15 34 11
16 26 2
16 27 3
16 28 4
16 29 5
16 30 6
16 31 7
16 32 8
16 33 9
16 34 10
16 35 11
17 27 2
17 28 3
17 29 4
17 30 5
17 31 6
17 32 7
17 33 8
17 34 9
17 35 10
17 36 11
18 28 2
18 29 3
18 30 4
18 31 5
18 32 6
18 33 7
18 34 8
18 35 9
18 36 10
18 37 11
19 29 2
19 30 3
19 31 4
19 32 5
19 33 6
19 34 7
19 35 8
19 36 9
19 37 10
19 38 11
20 30 2
20 31 3
20 32 4
20 33 5
20 34 6
20 35 7
20 36 8
20 37 9
20 38 10
20 39 11
21 31 2
21 32 3
21 33 4
21 34 5
21 35 6
21 36 7
21 37 8
21 38 9
21 39 10
21 40 11
22 32 2
22 33 3
22 34 4
22 35 5
22 36 6
22 37 7
22 38 8
22 39 9
22 40 10
22 41 11
23 33 2
23 34 3
23 35 4
23 36 5
23 37 6
23 38 7
23 39 8
23 40 9
23 41 10
23 42 11
24 34 2
24 35 3
24 36 4
24 37 5
24 38 6
24 39 7
24 40 8
24 41 9
24 42 10
24 43 11
25 35 2
25 36 3
25 37 4
25 38 5
25 39 6
25 40 7
25 41 8
25 42 9
25 43 10
25 44 11
26 36 2
26 37 3
26 38 4
26 39 5
26 40 6
26 41 7
26 42 8
26 43 9
26 44 10
26 45 11
27 37 2
27 38 3
27 39 4
27 40 5
27 41 6
27 42 7
27 43 8
27 44 9
27 45 10
27 46 11
28 38 2
28 39 3
28 40 4
28 41 5
28 42 6
28 43 7
28 44 8
28 45 9
28 46 10
28 47 11
29 39 2
29 40 3
29 41 4
29 42 5
29 43 6
29 44 7
29 45 8
29 46 9
29 47 10
29 48 11
30 40 2
30 41 3
30 42 4
30 43 5
30 44 6
30 45 7
30 46 8
30 47 9
30 48 10
30 49 11
31 41 2
31 42 3
31 43 4
31 44 5
31 45 6
31 46 7
31 47 8
31 48 9
31 49 10
31 50 11
32 42 2
32 43 3
32 44 4
32 45 5
32 46 6
32 47 7
32 48 8
32 49 9
32 50 10
32 51 11
33 43 2
33 44 3
33 45 4
33 46 5
33 47 6
33 48 7
33 49 8
33 50 9
33 51 10
33 52 11
34 44 2
34 45 3
34 46 4
34 47 5
34 48 6
34 49 7
34 50 8
34 51 9
34 52 10
34 53 11
35 45 2
35 46 3
35 47 4
35 48 5
35 49 6
35 50 7
35 51 8
35 52 9
35 53 10
35 54 11
36 46 2
36 47 3
36 48 4
36 49 5
36 50 6
36 51 7
36 52 8
36 53 9
36 54 10
36 55 11
37 47 2
37 48 3
37 49 4
37 50 5
37 51 6
37 52 7
37 53 8
37 54 9
37 55 10
37 56 11
38 48 2
38 49 3
38 50 4
38 51 5
38 52 6
38 53 7
38 54 8
38 55 9
38 56 10
38 57 11
39 49 2
39 50 3
39 51 4
39 52 5
39 53 6
39 54 7
39 55 8
39 56 9
39 57 10
39 58 11
40 50 2
40 51 3
40 52 4
40 53 5
40 54 6
40 55 7
40 56 8
40 57 9
40 58 10
40 59 11
41 51 2
41 52 3
41 53 4
41 54 5
41 55 6
41 56 7
41 57 8
41 58 9
41 59 10
41 60 11
42 52 2
42 53 3
42 54 4
42 55 5
42 56 6
42 57 7
42 58 8
42 59 9
42 60 10
42 61 11
43 53 2
43 54 3
43 55 4
43 56 5
43 57 6
43 58 7
43 59 8
43 60 9
43 61 10
43 62 11
44 54 2
44 55 3
44 56 4
44 57 5
44 58 6
44 59 7
44 60 8
44 61 9
44 62 10
44 63 11
45 55 2
45 56 3
45 57 4
45 58 5
45 59 6
45 60 7
45 61 8
45 62 9
45 63 10
45 64 11
46 56 2
46 57 3
46 58 4
46 59 5
46 60 6
46 61 7
46 62 8
46 63 9
46 64 10
46 65 11
47 57 2
47 58 3
47 59 4
47 60 5
47 61 6
47 62 7
47 63 8
47 64 9
47 65 10
47 66 11
48 58 2
48 59 3
48 60 4
48 61 5
48 62 6
48 63 7
48 64 8
48 65 9
48 66 10
48 67 11
49 59 2
49 60 3
49 61 4
49 62 5
49 63 6
49 64 7
49 65 8
49 66 9
49 67 10
49 68 11
50 60 2
50 61 3
50 62 4
50 63 5
50 64 6
50 65 7
50 66 8
50 67 9
50 68 10
50 69 11
51 61 2
51 62 3
51 63 4
51 64 5
51 65 6
51 66 7
51 67 8
51 68 9
51 69 10
51 70 11
52 62 2
52 63 3
52 64 4
52 65 5
52 66 6
52 67 7
52 68 8
52 69 9
52 70 10
52 71 11
53 63 2
53 64 3
53 65 4
53 66 5
53 67 6
53 68 7
53 69 8
53 70 9
53 71 10
53 72 11
54 64 2
54 65 3
54 66 4
54 67 5
54 68 6
54 69 7
54 70 8
54 71 9
54 72 10
54 73 11
55 65 2
55 66 3
55 67 4
55 68 5
55 69 6
55 70 7
55 71 8
55 72 9
55 73 10
55 74 11
56 66 2
56 67 3
56 68 4
56 69 5
56 70 6
56 71 7
56 72 8
56 73 9
56 74 10
56 75 11
57 67 2
57 68 3
57 69 4
57 70 5
57 71 6
57 72 7
57 73 8
57 74 9
57 75 10
57 76 11
58 68 2
58 69 3
58 70 4
58 71 5
58 72 6
58 73 7
58 74 8
58 75 9
58 76 10
58 77 11
59 69 2
59 70 3
59 71 4
59 72 5
59 73 6
59 74 7
59 75 8
59 76 9
59 77 10
59 78 11
60 70 2
60 71 3
60 72 4
60 73 5
60 74 6
60 75 7
60 76 8
60 77 9
60 78 10
60 79 11
61 71 2
61 72 3
61 73 4
61 74 5
61 75 6
61 76 7
61 77 8
61 78 9
61 79 10
61 80 11
62 72 2
62 73 3
62 74 4
62 75 5
62 76 6
62 77 7
62 78 8
62 79 9
62 80 10
62 81 11
63 73 2
63 74 3
63 75 4
63 76 5
63 77 6
63 78 7
63 79 8
63 80 9
63 81 10
63 82 11
64 74 2
64 75 3
64 76 4
64 77 5
64 78 6
64 79 7
64 80 8
64 81 9
64 82 10
64 83 11
65 75 2
65 76 3
65 77 4
65 78 5
65 79 6
65 80 7
65 81 8
65 82 9
65 83 10
65 84 11
66 76 2
66 77 3
66 78 4
66 79 5
66 80 6
66 81 7
66 82 8
66 83 9
66 84 10
66 85 11
67 77 2
67 78 3
67 79 4
67 80 5
67 81 6
67 82 7
67 83 8
67 84 9
67 85 10
67 86 11
68 78 2
68 79 3
68 80 4
68 81 5
68 82 6
68 83 7
68 84 8
68 85 9
68 86 10
68 87 11
69 79 2
69 80 3
69 81 4
69 82 5
69 83 6
69 84 7
69 85 8
69 86 9
69 87 10
69 88 11
70 80 2
70 81 3
70 82 4
70 83 5
70 84 6
70 85 7
70 86 8
70 87 9
70 88 10
70 89 11
71 81 2
71 82 3
71 83 4
71 84 5
71 85 6
71 86 7
71 87 8
71 88 9
71 89 10
71 90 11
72 82 2
72 83 3
72 84 4
72 85 5
72 86 6
72 87 7
72 88 8
72 89 9
72 90 10
72 91 11
73 83 2
73 84 3
73 85 4
73 86 5
73 87 6
73 88 7
73 89 8
73 90 9
73 91 10
73 92 11
74 84 2
74 85 3
74 86 4
74 87 5
74 88 6
74 89 7
74 90 8
74 91 9
74 92 10
74 93 11
75 85 2
75 86 3
75 87 4
75 88 5
75 89 6
75 90 7
75 91 8
75 92 9
75 93 10
75 94 11
76 86 2
76 87 3
76 88 4
76 89 5
76 90 6
76 91 7
76 92 8
76 93 9
76 94 10
76 95 11
77 87 2
77 88 3
77 89 4
77 90 5
77 91 6
77 92 7
77 93 8
77 94 9
77 95 10
77 96 11
78 88 2
78 89 3
78 90 4
78 91 5
78 92 6
78 93 7
78 94 8
78 95 9
78 96 10
78 97 11
79 89 2
79 90 3
79 91 4
79 92 5
79 93 6
79 94 7
79 95 8
79 96 9
79 97 10
79 98 11
80 90 2
80 91 3
80 92 4
80 93 5
80 94 6
80 95 7
80 96 8
80 97 9
80 98 10
80 99 11
81 91 2
81 92 3
81 93 4
81 94 5
81 95 6
81 96 7
81 97 8
81 98 9
81 99 10
81 100 11
82 92 2
82 93 3
82 94 4
82 95 5
82 96 6
82 97 7
82 98 8
82 99 9
82 100 10
82 101 11
83 93 2
83 94 3
83 95 4
83 96 5
83 97 6
83 98 7
83 99 8
83 100 9
83 101 10
83 102 11
84 94 2
84 95 3
84 96 4
84 97 5
84 98 6
84 99 7
84 100 8
84 101 9
84 102 10
84 103 11
85 95 2
85 96 3
85 97 4
85 98 5
85 99 6
85 100 7
85 101 8
85 102 9
85 103 10
85 104 11
86 96 2
86 97 3
86 98 4
86 99 5
86 100 6
86 101 7
86 102 8
86 103 9
86 104 10
86 105 11
87 97 2
87 98 3
87 99 4
87 100 5
87 101 6
87 102 7
87 103 8
87 104 9
87 105 10
87 106 11
88 98 2
88 99 3
88 100 4
88 101 5
88 102 6
88 103 7
88 104 8
88 105 9
88 106 10
88 107 11
89 99 2
89 100 3
89 101 4
89 102 5
89 103 6
89 104 7
89 105 8
89 106 9
89 107 10
89 108 11
90 100 2
90 101 3
90 102 4
90 103 5
90 104 6
90 105 7
90 106 8
90 107 9
90 108 10
90 109 11
91 101 2
91 102 3
91 103 4
91 104 5
91 105 6
91 106 7
91 107 8
91 108 9
91 109 10
91 110 11
92 102 2
92 103 3
92 104 4
92 105 5
92 106 6
92 107 7
92 108 8
92 109 9
92 110 10
92 111 11
93 103 2
93 104 3
93 105 4
93 106 5
93 107 6
93 108 7
93 109 8
93 110 9
93 111 10
93 112 11
94 104 2
94 105 3
94 106 4
94 107 5
94 108 6
94 109 7
94 110 8
94 111 9
94 112 10
94 113 11
95 105 2
95 106 3
95 107 4
95 108 5
95 109 6
95 110 7
95 111 8
95 112 9
95 113 10
95 114 11
96 106 2
96 107 3
96 108 4
96 109 5
96 110 6
96 111 7
96 112 8
96 113 9
96 114 10
96 115 11
97 107 2
97 108 3
97 109 4
97 110 5
97 111 6
97 112 7
97 113 8
97 114 9
97 115 10
97 116 11
98 108 2
98 109 3
98 110 4
98 111 5
98 112 6
98 113 7
98 114 8
98 115 9
98 116 10
98 117 11
99 109 2
99 110 3
99 111 4
99 112 5
99 113 6
99 114 7
99 115 8
99 116 9
99 117 10
99 118 11
100 110 2
100 111 3
100 112 4
100 113 5
100 114 6
100 115 7
100 116 8
100 117 9
100 118 10
100 119 11
101 111 2
101 112 3
101 113 4
101 114 5
101 115 6
101 116 7
101 117 8
101 118 9
101 119 10
101 120 11
102 112 2
102 113 3
102 114 4
102 115 5
102 116 6
102 117 7
102 118 8
102 119 9
102 120 10
102 121 11
103 113 2
103 114 3
103 115 4
103 116 5
103 117 6
103 118 7
103 119 8
103 120 9
103 121 10
103 122 11
104 114 2
104 115 3
104 116 4
104 117 5
104 118 6
104 119 7
104 120 8
104 121 9
104 122 10
104 123 11
105 115 2
105 116 3
105 117 4
105 118 5
105 119 6
105 120 7
105 121 8
105 122 9
105 123 10
105 124 11
106 116 2
106 117 3
106 118 4
106 119 5
106 120 6
106 121 7
106 122 8
106 123 9
106 124 10
106 125 11
107 117 2
107 118 3
107 119 4
107 120 5
107 121 6
107 122 7
107 123 8
107 124 9
107 125 10
107 126 11
108 118 2
108 119 3
108 120 4
108 121 5
108 122 6
108 123 7
108 124 8
108 125 9
108 126 10
108 127 11
109 119 2
109 120 3
109 121 4
109 122 5
109 123 6
109 124 7
109 125 8
109 126 9
109 127 10
109 128 11
110 120 2
110 121 3
110 122 4
110 123 5
110 124 6
110 125 7
110 126 8
110 127 9
110 128 10
110 129 11
111 121 2
111 122 3
111 123 4
111 124 5
111 125 6
111 126 7
111 127 8
111 128 9
111 129 10
111 130 11
112 122 2
112 123 3
112 124 4
112 125 5
112 126 6
112 127 7
112 128 8
112 129 9
112 130 10
112 131 11
113 123 2
113 124 3
113 125 4
113 126 5
113 127 6
113 128 7
113 129 8
113 130 9
113 131 10
113 132 11
114 124 2
114 125 3
114 126 4
114 127 5
114 128 6
114 129 7
114 130 8
114 131 9
114 132 10
114 133 11
115 125 2
115 126 3
115 127 4
115 128 5
115 129 6
115 130 7
115 131 8
115 132 9
115 133 10
115 134 11
116 126 2
116 127 3
116 128 4
116 129 5
116 130 6
116 131 7
116 132 8
116 133 9
116 134 10
116 135 11
117 127 2
117 128 3
117 129 4
117 130 5
117 131 6
117 132 7
117 133 8
117 134 9
117 135 10
117 136 11
118 128 2
118 129 3
118 130 4
118 131 5
118 132 6
118 133 7
118 134 8
118 135 9
118 136 10
118 137 11
119 129 2
119 130 3
119 131 4
119 132 5
119 133 6
119 134 7
119 135 8
119 136 9
119 137 10
119 138 11
120 130 2
120 131 3
120 132 4
120 133 5
120 134 6
120 135 7
120 136 8
120 137 9
120 138 10
120 139 11
121 131 2
121 132 3
121 133 4
121 134 5
121 135 6
121 136 7
121 137 8
121 138 9
121 139 10
121 140 11
122 132 2
122 133 3
122 134 4
122 135 5
122 136 6
122 137 7
122 138 8
122 139 9
122 140 10
122 141 11
123 133 2
123 134 3
123 135 4
123 136 5
123 137 6
123 138 7
123 139 8
123 140 9
123 141 10
123 142 11
124 134 2
124 135 3
124 136 4
124 137 5
124 138 6
124 139 7
124 140 8
124 141 9
124 142 10
124 143 11
125 135 2
125 136 3
125 137 4
125 138 5
125 139 6
125 140 7
125 141 8
125 142 9
125 143 10
125 144 11
126 136 2
126 137 3
126 138 4
126 139 5
126 140 6
126 141 7
126 142 8
126 143 9
126 144 10
126 145 11
127 137 2
127 138 3
127 139 4
127 140 5
127 141 6
127 142 7
127 143 8
127 144 9
127 145 10
127 146 11
128 138 2
128 139 3
128 140 4
128 141 5
128 142 6
128 143 7
128 144 8
128 145 9
128 146 10
128 147 11
129 139 2
129 140 3
129 141 4
129 142 5
129 143 6
129 144 7
129 145 8
129 146 9
129 147 10
129 148 11
130 140 2
130 141 3
130 142 4
130 143 5
130 144 6
130 145 7
130 146 8
130 147 9
130 148 10
130 149 11
131 141 2
131 142 3
131 143 4
131 144 5
131 145 6
131 146 7
131 147 8
131 148 9
131 149 10
131 150 11
132 142 2
132 143 3
132 144 4
132 145 5
132 146 6
132 147 7
132 148 8
132 149 9
132 150 10
132 151 11
133 143 2
133 144 3
133 145 4
133 146 5
133 147 6
133 148 7
133 149 8
133 150 9
133 151 10
133 152 11
134 144 2
134 145 3
134 146 4
134 147 5
134 148 6
134 149 7
134 150 8
134 151 9
134 152 10
134 153 11
135 145 2
135 146 3
135 147 4
135 148 5
135 149 6
135 150 7
135 151 8
135 152 9
135 153 10
135 154 11
136 146 2
136 147 3
136 148 4
136 149 5
136 150 6
136 151 7
136 152 8
136 153 9
136 154 10
136 155 11
137 147 2
137 148 3
137 149 4
137 150 5
137 151 6
137 152 7
137 153 8
137 154 9
137 155 10
137 156 11
138 148 2
138 149 3
138 150 4
138 151 5
138 152 6
138 153 7
138 154 8
138 155 9
138 156 10
138 157 11
139 149 2
139 150 3
139 151 4
139 152 5
139 153 6
139 154 7
139 155 8
139 156 9
139 157 10
139 158 11
140 150 2
140 151 3
140 152 4
140 153 5
140 154 6
140 155 7
140 156 8
140 157 9
140 158 10
140 159 11
141 151 2
141 152 3
141 153 4
141 154 5
141 155 6
141 156 7
141 157 8
141 158 9
141 159 10
141 160 11
142 152 2
142 153 3
142 154 4
142 155 5
142 156 6
142 157 7
142 158 8
142 159 9
142 160 10
142 161 11
143 153 2
143 154 3
143 155 4
143 156 5
143 157 6
143 158 7
143 159 8
143 160 9
143 161 10
143 162 11
144 154 2
144 155 3
144 156 4
144 157 5
144 158 6
144 159 7
144 160 8
144 161 9
144 162 10
144 163 11
145 155 2
145 156 3
145 157 4
145 158 5
145 159 6
145 160 7
145 161 8
145 162 9
145 163 10
145 164 11
146 156 2
146 157 3
146 158 4
146 159 5
146 160 6
146 161 7
146 162 8
146 163 9
146 164 10
146 165 11
147 157 2
147 158 3
147 159 4
147 160 5
147 161 6
147 162 7
147 163 8
147 164 9
147 165 10
147 166 11
148 158 2
148 159 3
148 160 4
148 161 5
148 162 6
148 163 7
148 164 8
148 165 9
148 166 10
148 167 11
149 159 2
149 160 3
149 161 4
149 162 5
149 163 6
149 164 7
149 165 8
149 166 9
149 167 10
149 168 11
150 160 2
150 161 3
150 162 4
150 163 5
150 164 6
150 165 7
150 166 8
150 167 9
150 168 10
150 169 11
151 161 2
151 162 3
151 163 4
151 164 5
151 165 6
151 166 7
151 167 8
151 168 9
151 169 10
151 170 11
152 162 2
152 163 3
152 164 4
152 165 5
152 166 6
152 167 7
152 168 8
152 169 9
152 170 10
152 171 11
153 163 2
153 164 3
153 165 4
153 166 5
153 167 6
153 168 7
153 169 8
153 170 9
153 171 10
153 172 11
154 164 2
154 165 3
154 166 4
154 167 5
154 168 6
154 169 7
154 170 8
154 171 9
154 172 10
154 173 11
155 165 2
155 166 3
155 167 4
155 168 5
155 169 6
155 170 7
155 171 8
155 172 9
155 173 10
155 174 11
156 166 2
156 167 3
156 168 4
156 169 5
156 170 6
156 171 7
156 172 8
156 173 9
156 174 10
156 175 11
157 167 2
157 168 3
157 169 4
157 170 5
157 171 6
157 172 7
157 173 8
157 174 9
157 175 10
157 176 11
158 168 2
158 169 3
158 170 4
158 171 5
158 172 6
158 173 7
158 174 8
158 175 9
158 176 10
158 177 11
159 169 2
159 170 3
159 171 4
159 172 5
159 173 6
159 174 7
159 175 8
159 176 9
159 177 10
159 178 11
160 170 2
160 171 3
160 172 4
160 173 5
160 174 6
160 175 7
160 176 8
160 177 9
160 178 10
160 179 11
161 171 2
161 172 3
161 173 4
161 174 5
161 175 6
161 176 7
161 177 8
161 178 9
161 179 10
161 180 11
162 172 2
162 173 3
162 174 4
162 175 5
162 176 6
162 177 7
162 178 8
162 179 9
162 180 10
162 181 11
163 173 2
163 174 3
163 175 4
163 176 5
163 177 6
163 178 7
163 179 8
163 180 9
163 181 10
163 182 11
164 174 2
164 175 3
164 176 4
164 177 5
164 178 6
164 179 7
164 180 8
164 181 9
164 182 10
164 183 11
165 175 2
165 176 3
165 177 4
165 178 5
165 179 6
165 180 7
165 181 8
165 182 9
165 183 10
165 184 11
166 176 2
166 177 3
166 178 4
166 179 5
166 180 6
166 181 7
166 182 8
166 183 9
166 184 10
166 185 11
167 177 2
167 178 3
167 179 4
167 180 5
167 181 6
167 182 7
167 183 8
167 184 9
167 185 10
167 186 11
168 178 2
168 179 3
168 180 4
168 181 5
168 182 6
168 183 7
168 184 8
168 185 9
168 186 10
168 187 11
169 179 2
169 180 3
169 181 4
169 182 5
169 183 6
169 184 7
169 185 8
169 186 9
169 187 10
169 188 11
170 180 2
170 181 3
170 182 4
170 183 5
170 184 6
170 185 7
170 186 8
170 187 9
170 188 10
170 189 11
171 181 2
171 182 3
171 183 4
171 184 5
171 185 6
171 186 7
171 187 8
171 188 9
171 189 10
171 190 11
172 182 2
172 183 3
172 184 4
172 185 5
172 186 6
172 187 7
172 188 8
172 189 9
172 190 10
172 191 11
173 183 2
173 184 3
173 185 4
173 186 5
173 187 6
173 188 7
173 189 8
173 190 9
173 191 10
173 192 11
174 184 2
174 185 3
174 186 4
174 187 5
174 188 6
174 189 7
174 190 8
174 191 9
174 192 10
174 193 11
175 185 2
175 186 3
175 187 4
175 188 5
175 189 6
175 190 7
175 191 8
175 192 9
175 193 10
175 194 11
176 186 2
176 187 3
176 188 4
176 189 5
176 190 6
176 191 7
176 192 8
176 193 9
176 194 10
176 195 11
177 187 2
177 188 3
177 189 4
177 190 5
177 191 6
177 192 7
177 193 8
177 194 9
177 195 10
177 196 11
178 188 2
178 189 3
178 190 4
178 191 5
178 192 6
178 193 7
178 194 8
178 195 9
178 196 10
178 197 11
179 189 2
179 190 3
179 191 4
179 192 5
179 193 6
179 194 7
179 195 8
179 196 9
179 197 10
179 198 11
180 190 2
180 191 3
180 192 4
180 193 5
180 194 6
180 195 7
180 196 8
180 197 9
180 198 10
180 199 11
181 191 2
181 192 3
181 193 4
181 194 5
181 195 6
181 196 7
181 197 8
181 198 9
181 199 10
181 200 11
182 192 2
182 193 3
182 194 4
182 195 5
182 196 6
182 197 7
182 198 8
182 199 9
182 200 10
182 201 11
183 193 2
183 194 3
183 195 4
183 196 5
183 197 6
183 198 7
183 199 8
183 200 9
183 201 10
183 202 11
184 194 2
184 195 3
184 196 4
184 197 5
184 198 6
184 199 7
184 200 8
184 201 9
184 202 10
184 203 11
185 195 2
185 196 3
185 197 4
185 198 5
185 199 6
185 200 7
185 201 8
185 202 9
185 203 10
185 204 11
186 196 2
186 197 3
186 198 4
186 199 5
186 200 6
186 201 7
186 202 8
186 203 9
186 204 10
186 205 11
187 197 2
187 198 3
187 199 4
187 200 5
187 201 6
187 202 7
187 203 8
187 204 9
187 205 10
187 206 11
188 198 2
188 199 3
188 200 4
188 201 5
188 202 6
188 203 7
188 204 8
188 205 9
188 206 10
188 207 11
189 199 2
189 200 3
189 201 4
189 202 5
189 203 6
189 204 7
189 205 8
189 206 9
189 207 10
189 208 11
190 200 2
190 201 3
190 202 4
190 203 5
190 204 6
190 205 7
190 206 8
190 207 9
190 208 10
190 209 11
191 201 2
191 202 3
191 203 4
191 204 5
191 205 6
191 206 7
191 207 8
191 208 9
191 209 10
191 210 11
192 202 2
192 203 3
192 204 4
192 205 5
192 206 6
192 207 7
192 208 8
192 209 9
192 210 10
192 211 11
193 203 2
193 204 3
193 205 4
193 206 5
193 207 6
193 208 7
193 209 8
193 210 9
193 211 10
193 212 11
194 204 2
194 205 3
194 206 4
194 207 5
194 208 6
194 209 7
194 210 8
194 211 9
194 212 10
194 213 11
195 205 2
195 206 3
195 207 4
195 208 5
195 209 6
195 210 7
195 211 8
195 212 9
195 213 10
195 214 11
196 206 2
196 207 3
196 208 4
196 209 5
196 210 6
196 211 7
196 212 8
196 213 9
196 214 10
196 215 11
197 207 2
197 208 3
197 209 4
197 210 5
197 211 6
197 212 7
197 213 8
197 214 9
197 215 10
197 216 11
198 208 2
198 209 3
198 210 4
198 211 5
198 212 6
198 213 7
198 214 8
198 215 9
198 216 10
198 217 11
199 209 2
199 210 3
199 211 4
199 212 5
199 213 6
199 214 7
199 215 8
199 216 9
199 217 10
199 218 11
200 210 2
200 211 3
200 212 4
200 213 5
200 214 6
200 215 7
200 216 8
200 217 9
200 218 10
200 219 11
201 211 2
201 212 3
201 213 4
201 214 5
201 215 6
201 216 7
201 217 8
201 218 9
201 219 10
201 220 11
202 212 2
202 213 3
202 214 4
202 215 5
202 216 6
202 217 7
202 218 8
202 219 9
202 220 10
202 221 11
203 213 2
203 214 3
203 215 4
203 216 5
203 217 6
203 218 7
203 219 8
203 220 9
203 221 10
203 222 11
204 214 2
204 215 3
204 216 4
204 217 5
204 218 6
204 219 7
204 220 8
204 221 9
204 222 10
204 223 11
205 215 2
205 216 3
205 217 4
205 218 5
205 219 6
205 220 7
205 221 8
205 222 9
205 223 10
205 224 11
206 216 2
206 217 3
206 218 4
206 219 5
206 220 6
206 221 7
206 222 8
206 223 9
206 224 10
206 225 11
207 217 2
207 218 3
207 219 4
207 220 5
207 221 6
207 222 7
207 223 8
207 224 9
207 225 10
207 226 11
208 218 2
208 219 3
208 220 4
208 221 5
208 222 6
208 223 7
208 224 8
208 225 9
208 226 10
208 227 11
209 219 2
209 220 3
209 221 4
209 222 5
209 223 6
209 224 7
209 225 8
209 226 9
209 227 10
209 228 11
210 220 2
210 221 3
210 222 4
210 223 5
210 224 6
210 225 7
210 226 8
210 227 9
210 228 10
210 229 11
211 221 2
211 222 3
211 223 4
211 224 5
211 225 6
211 226 7
211 227 8
211 228 9
211 229 10
211 230 11
212 222 2
212 223 3
212 224 4
212 225 5
212 226 6
212 227 7
212 228 8
212 229 9
212 230 10
212 231 11
213 223 2
213 224 3
213 225 4
213 226 5
213 227 6
213 228 7
213 229 8
213 230 9
213 231 10
213 232 11
214 224 2
214 225 3
214 226 4
214 227 5
214 228 6
214 229 7
214 230 8
214 231 9
214 232 10
214 233 11
215 225 2
215 226 3
215 227 4
215 228 5
215 229 6
215 230 7
215 231 8
215 232 9
215 233 10
215 234 11
216 226 2
216 227 3
216 228 4
216 229 5
216 230 6
216 231 7
216 232 8
216 233 9
216 234 10
216 235 11
217 227 2
217 228 3
217 229 4
217 230 5
217 231 6
217 232 7
217 233 8
217 234 9
217 235 10
217 236 11
218 228 2
218 229 3
218 230 4
218 231 5
218 232 6
218 233 7
218 234 8
218 235 9
218 236 10
218 237 11
219 229 2
219 230 3
219 231 4
219 232 5
219 233 6
219 234 7
219 235 8
219 236 9
219 237 10
219 238 11
220 230 2
220 231 3
220 232 4
220 233 5
220 234 6
220 235 7
220 236 8
220 237 9
220 238 10
220 239 11
221 231 2
221 232 3
221 233 4
221 234 5
221 235 6
221 236 7
221 237 8
221 238 9
221 239 10
221 240 11
222 232 2
222 233 3
222 234 4
222 235 5
222 236 6
222 237 7
222 238 8
222 239 9
222 240 10
222 241 11
223 233 2
223 234 3
223 235 4
223 236 5
223 237 6
223 238 7
223 239 8
223 240 9
223 241 10
223 242 11
224 234 2
224 235 3
224 236 4
224 237 5
224 238 6
224 239 7
224 240 8
224 241 9
224 242 10
224 243 11
225 235 2
225 236 3
225 237 4
225 238 5
225 239 6
225 240 7
225 241 8
225 242 9
225 243 10
225 244 11
226 236 2
226 237 3
226 238 4
226 239 5
226 240 6
226 241 7
226 242 8
226 243 9
226 244 10
226 245 11
227 237 2
227 238 3
227 239 4
227 240 5
227 241 6
227 242 7
227 243 8
227 244 9
227 245 10
227 246 11
228 238 2
228 239 3
228 240 4
228 241 5
228 242 6
228 243 7
228 244 8
228 245 9
228 246 10
228 247 11
229 239 2
229 240 3
229 241 4
229 242 5
229 243 6
229 244 7
229 245 8
229 246 9
229 247 10
229 248 11
230 240 2
230 241 3
230 242 4
230 243 5
230 244 6
230 245 7
230 246 8
230 247 9
230 248 10
230 249 11
231 241 2
231 242 3
231 243 4
231 244 5
231 245 6
231 246 7
231 247 8
231 248 9
231 249 10
231 250 11
232 242 2
232 243 3
232 244 4
232 245 5
232 246 6
232 247 7
232 248 8
232 249 9
232 250 10
232 251 11
233 243 2
233 244 3
233 245 4
233 246 5
233 247 6
233 248 7
233 249 8
233 250 9
233 251 10
233 252 11
234 244 2
234 245 3
234 246 4
234 247 5
234 248 6
234 249 7
234 250 8
234 251 9
234 252 10
234 253 11
235 245 2
235 246 3
235 247 4
235 248 5
235 249 6
235 250 7
235 251 8
235 252 9
235 253 10
235 254 11
236 246 2
236 247 3
236 248 4
236 249 5
236 250 6
236 251 7
236 252 8
236 253 9
236 254 10
236 255 11
237 247 2
237 248 3
237 249 4
237 250 5
237 251 6
237 252 7
237 253 8
237 254 9
237 255 10
237 256 11
238 248 2
238 249 3
238 250 4
238 251 5
238 252 6
238 253 7
238 254 8
238 255 9
238 256 10
238 257 11
239 249 2
239 250 3
239 251 4
239 252 5
239 253 6
239 254 7
239 255 8
239 256 9
239 257 10
239 258 11
240 250 2
240 251 3
240 252 4
240 253 5
240 254 6
240 255 7
240 256 8
240 257 9
240 258 10
240 259 11
241 251 2
241 252 3
241 253 4
241 254 5
241 255 6
241 256 7
241 257 8
241 258 9
241 259 10
241 260 11
242 252 2
242 253 3
242 254 4
242 255 5
242 256 6
242 257 7
242 258 8
242 259 9
242 260 10
242 261 11
243 253 2
243 254 3
243 255 4
243 256 5
243 257 6
243 258 7
243 259 8
243 260 9
243 261 10
243 262 11
244 254 2
244 255 3
244 256 4
244 257 5
244 258 6
244 259 7
244 260 8
244 261 9
244 262 10
244 263 11
245 255 2
245 256 3
245 257 4
245 258 5
245 259 6
245 260 7
245 261 8
245 262 9
245 263 10
245 264 11
246 256 2
246 257 3
246 258 4
246 259 5
246 260 6
246 261 7
246 262 8
246 263 9
246 264 10
246 265 11
247 257 2
247 258 3
247 259 4
247 260 5
247 261 6
247 262 7
247 263 8
247 264 9
247 265 10
247 266 11
248 258 2
248 259 3
248 260 4
248 261 5
248 262 6
248 263 7
248 264 8
248 265 9
248 266 10
248 267 11
249 259 2
249 260 3
249 261 4
249 262 5
249 263 6
249 264 7
249 265 8
249 266 9
249 267 10
249 268 11
250 260 2
250 261 3
250 262 4
250 263 5
250 264 6
250 265 7
250 266 8
250 267 9
250 268 10
250 269 11
251 261 2
251 262 3
251 263 4
251 264 5
251 265 6
251 266 7
251 267 8
251 268 9
251 269 10
251 270 11
252 262 2
252 263 3
252 264 4
252 265 5
252 266 6
252 267 7
252 268 8
252 269 9
252 270 10
252 271 11
253 263 2
253 264 3
253 265 4
253 266 5
253 267 6
253 268 7
253 269 8
253 270 9
253 271 10
253 272 11
254 264 2
254 265 3
254 266 4
254 267 5
254 268 6
254 269 7
254 270 8
254 271 9
254 272 10
254 273 11
255 265 2
255 266 3
255 267 4
255 268 5
255 269 6
255 270 7
255 271 8
255 272 9
255 273 10
255 274 11
256 266 2
256 267 3
256 268 4
256 269 5
256 270 6
256 271 7
256 272 8
256 273 9
256 274 10
256 275 11
257 267 2
257 268 3
257 269 4
257 270 5
257 271 6
257 272 7
257 273 8
257 274 9
257 275 10
257 276 11
258 268 2
258 269 3
258 270 4
258 271 5
258 272 6
258 273 7
258 274 8
258 275 9
258 276 10
258 277 11
259 269 2
259 270 3
259 271 4
259 272 5
259 273 6
259 274 7
259 275 8
259 276 9
259 277 10
259 278 11
260 270 2
260 271 3
260 272 4
260 273 5
260 274 6
260 275 7
260 276 8
260 277 9
260 278 10
260 279 11
261 271 2
261 272 3
261 273 4
261 274 5
261 275 6
261 276 7
261 277 8
261 278 9
261 279 10
261 280 11
262 272 2
262 273 3
262 274 4
262 275 5
262 276 6
262 277 7
262 278 8
262 279 9
262 280 10
262 281 11
263 273 2
263 274 3
263 275 4
263 276 5
263 277 6
263 278 7
263 279 8
263 280 9
263 281 10
263 282 11
264 274 2
264 275 3
264 276 4
264 277 5
264 278 6
264 279 7
264 280 8
264 281 9
264 282 10
264 283 11
265 275 2
265 276 3
265 277 4
265 278 5
265 279 6
265 280 7
265 281 8
265 282 9
265 283 10
265 284 11
266 276 2
266 277 3
266 278 4
266 279 5
266 280 6
266 281 7
266 282 8
266 283 9
266 284 10
266 285 11
267 277 2
267 278 3
267 279 4
267 280 5
267 281 6
267 282 7
267 283 8
267 284 9
267 285 10
267 286 11
268 278 2
268 279 3
268 280 4
268 281 5
268 282 6
268 283 7
268 284 8
268 285 9
268 286 10
268 287 11
269 279 2
269 280 3
269 281 4
269 282 5
269 283 6
269 284 7
269 285 8
269 286 9
269 287 10
269 288 11
270 280 2
270 281 3
270 282 4
270 283 5
270 284 6
270 285 7
270 286 8
270 287 9
270 288 10
270 289 11
271 281 2
271 282 3
271 283 4
271 284 5
271 285 6
271 286 7
271 287 8
271 288 9
271 289 10
271 290 11
272 282 2
272 283 3
272 284 4
272 285 5
272 286 6
272 287 7
272 288 8
272 289 9
272 290 10
272 291 11
273 283 2
273 284 3
273 285 4
273 286 5
273 287 6
273 288 7
273 289 8
273 290 9
273 291 10
273 292 11
274 284 2
274 285 3
274 286 4
274 287 5
274 288 6
274 289 7
274 290 8
274 291 9
274 292 10
274 293 11
275 285 2
275 286 3
275 287 4
275 288 5
275 289 6
275 290 7
275 291 8
275 292 9
275 293 10
275 294 11
276 286 2
276 287 3
276 288 4
276 289 5
276 290 6
276 291 7
276 292 8
276 293 9
276 294 10
276 295 11
277 287 2
277 288 3
277 289 4
277 290 5
277 291 6
277 292 7
277 293 8
277 294 9
277 295 10
277 296 11
278 288 2
278 289 3
278 290 4
278 291 5
278 292 6
278 293 7
278 294 8
278 295 9
278 296 10
278 297 11
279 289 2
279 290 3
279 291 4
279 292 5
279 293 6
279 294 7
279 295 8
279 296 9
279 297 10
279 298 11
280 290 2
280 291 3
280 292 4
280 293 5
280 294 6
280 295 7
280 296 8
280 297 9
280 298 10
280 299 11
281 291 2
281 292 3
281 293 4
281 294 5
281 295 6
281 296 7
281 297 8
281 298 9
281 299 10
281 300 11
282 292 2
282 293 3
282 294 4
282 295 5
282 296 6
282 297 7
282 298 8
282 299 9
282 300 10
282 301 11
283 293 2
283 294 3
283 295 4
283 296 5
283 297 6
283 298 7
283 299 8
283 300 9
283 301 10
283 302 11
284 294 2
284 295 3
284 296 4
284 297 5
284 298 6
284 299 7
284 300 8
284 301 9
284 302 10
284 303 11
285 295 2
285 296 3
285 297 4
285 298 5
285 299 6
285 300 7
285 301 8
285 302 9
285 303 10
285 304 11
286 296 2
286 297 3
286 298 4
286 299 5
286 300 6
286 301 7
286 302 8
286 303 9
286 304 10
286 305 11
287 297 2
287 298 3
287 299 4
287 300 5
287 301 6
287 302 7
287 303 8
287 304 9
287 305 10
287 306 11
288 298 2
288 299 3
288 300 4
288 301 5
288 302 6
288 303 7
288 304 8
288 305 9
288 306 10
288 307 11
289 299 2
289 300 3
289 301 4
289 302 5
289 303 6
289 304 7
289 305 8
289 306 9
289 307 10
289 308 11
290 300 2
290 301 3
290 302 4
290 303 5
290 304 6
290 305 7
290 306 8
290 307 9
290 308 10
290 309 11
291 301 2
291 302 3
291 303 4
291 304 5
291 305 6
291 306 7
291 307 8
291 308 9
291 309 10
291 310 11
292 302 2
292 303 3
292 304 4
292 305 5
292 306 6
292 307 7
292 308 8
292 309 9
292 310 10
292 311 11
293 303 2
293 304 3
293 305 4
293 306 5
293 307 6
293 308 7
293 309 8
293 310 9
293 311 10
293 312 11
294 304 2
294 305 3
294 306 4
294 307 5
294 308 6
294 309 7
294 310 8
294 311 9
294 312 10
294 313 11
295 305 2
295 306 3
295 307 4
295 308 5
295 309 6
295 310 7
295 311 8
295 312 9
295 313 10
295 314 11
296 306 2
296 307 3
296 308 4
296 309 5
296 310 6
296 311 7
296 312 8
296 313 9
296 314 10
296 315 11
297 307 2
297 308 3
297 309 4
297 310 5
297 311 6
297 312 7
297 313 8
297 314 9
297 315 10
297 316 11
298 308 2
298 309 3
298 310 4
298 311 5
298 312 6
298 313 7
298 314 8
298 315 9
298 316 10
298 317 11
299 309 2
299 310 3
299 311 4
299 312 5
299 313 6
299 314 7
299 315 8
299 316 9
299 317 10
299 318 11
300 310 2
300 311 3
300 312 4
300 313 5
300 314 6
300 315 7
300 316 8
300 317 9
300 318 10
300 319 11
301 311 2
301 312 3
301 313 4
301 314 5
301 315 6
301 316 7
301 317 8
301 318 9
301 319 10
301 320 11
302 312 2
302 313 3
302 314 4
302 315 5
302 316 6
302 317 7
302 318 8
302 319 9
302 320 10
302 321 11
303 313 2
303 314 3
303 315 4
303 316 5
303 317 6
303 318 7
303 319 8
303 320 9
303 321 10
303 322 11
304 314 2
304 315 3
304 316 4
304 317 5
304 318 6
304 319 7
304 320 8
304 321 9
304 322 10
304 323 11
305 315 2
305 316 3
305 317 4
305 318 5
305 319 6
305 320 7
305 321 8
305 322 9
305 323 10
305 324 11
306 316 2
306 317 3
306 318 4
306 319 5
306 320 6
306 321 7
306 322 8
306 323 9
306 324 10
306 325 11
307 317 2
307 318 3
307 319 4
307 320 5
307 321 6
307 322 7
307 323 8
307 324 9
307 325 10
307 326 11
308 318 2
308 319 3
308 320 4
308 321 5
308 322 6
308 323 7
308 324 8
308 325 9
308 326 10
308 327 11
309 319 2
309 320 3
309 321 4
309 322 5
309 323 6
309 324 7
309 325 8
309 326 9
309 327 10
309 328 11
310 320 2
310 321 3
310 322 4
310 323 5
310 324 6
310 325 7
310 326 8
310 327 9
310 328 10
310 329 11
311 321 2
311 322 3
311 323 4
311 324 5
311 325 6
311 326 7
311 327 8
311 328 9
311 329 10
311 330 11
312 322 2
312 323 3
312 324 4
312 325 5
312 326 6
312 327 7
312 328 8
312 329 9
312 330 10
312 331 11
313 323 2
313 324 3
313 325 4
313 326 5
313 327 6
313 328 7
313 329 8
313 330 9
313 331 10
313 332 11
314 324 2
314 325 3
314 326 4
314 327 5
314 328 6
314 329 7
314 330 8
314 331 9
314 332 10
314 333 11
315 325 2
315 326 3
315 327 4
315 328 5
315 329 6
315 330 7
315 331 8
315 332 9
315 333 10
315 334 11
316 326 2
316 327 3
316 328 4
316 329 5
316 330 6
316 331 7
316 332 8
316 333 9
316 334 10
316 335 11
317 327 2
317 328 3
317 329 4
317 330 5
317 331 6
317 332 7
317 333 8
317 334 9
317 335 10
317 336 11
318 328 2
318 329 3
318 330 4
318 331 5
318 332 6
318 333 7
318 334 8
318 335 9
318 336 10
318 337 11
319 329 2
319 330 3
319 331 4
319 332 5
319 333 6
319 334 7
319 335 8
319 336 9
319 337 10
319 338 11
320 330 2
320 331 3
320 332 4
320 333 5
320 334 6
320 335 7
320 336 8
320 337 9
320 338 10
320 339 11
321 331 2
321 332 3
321 333 4
321 334 5
321 335 6
321 336 7
321 337 8
321 338 9
321 339 10
321 340 11
322 332 2
322 333 3
322 334 4
322 335 5
322 336 6
322 337 7
322 338 8
322 339 9
322 340 10
322 341 11
323 333 2
323 334 3
323 335 4
323 336 5
323 337 6
323 338 7
323 339 8
323 340 9
323 341 10
323 342 11
324 334 2
324 335 3
324 336 4
324 337 5
324 338 6
324 339 7
324 340 8
324 341 9
324 342 10
324 343 11
325 335 2
325 336 3
325 337 4
325 338 5
325 339 6
325 340 7
325 341 8
325 342 9
325 343 10
325 344 11
326 336 2
326 337 3
326 338 4
326 339 5
326 340 6
326 341 7
326 342 8
326 343 9
326 344 10
326 345 11
327 337 2
327 338 3
327 339 4
327 340 5
327 341 6
327 342 7
327 343 8
327 344 9
327 345 10
327 346 11
328 338 2
328 339 3
328 340 4
328 341 5
328 342 6
328 343 7
328 344 8
328 345 9
328 346 10
328 347 11
329 339 2
329 340 3
329 341 4
329 342 5
329 343 6
329 344 7
329 345 8
329 346 9
329 347 10
329 348 11
330 340 2
330 341 3
330 342 4
330 343 5
330 344 6
330 345 7
330 346 8
330 347 9
330 348 10
330 349 11
331 341 2
331 342 3
331 343 4
331 344 5
331 345 6
331 346 7
331 347 8
331 348 9
331 349 10
331 350 11
332 342 2
332 343 3
332 344 4
332 345 5
332 346 6
332 347 7
332 348 8
332 349 9
332 350 10
332 351 11
333 343 2
333 344 3
333 345 4
333 346 5
333 347 6
333 348 7
333 349 8
333 350 9
333 351 10
333 352 11
334 344 2
334 345 3
334 346 4
334 347 5
334 348 6
334 349 7
334 350 8
334 351 9
334 352 10
334 353 11
335 345 2
335 346 3
335 347 4
335 348 5
335 349 6
335 350 7
335 351 8
335 352 9
335 353 10
335 354 11
336 346 2
336 347 3
336 348 4
336 349 5
336 350 6
336 351 7
336 352 8
336 353 9
336 354 10
336 355 11
337 347 2
337 348 3
337 349 4
337 350 5
337 351 6
337 352 7
337 353 8
337 354 9
337 355 10
337 356 11
338 348 2
338 349 3
338 350 4
338 351 5
338 352 6
338 353 7
338 354 8
338 355 9
338 356 10
338 357 11
339 349 2
339 350 3
339 351 4
339 352 5
339 353 6
339 354 7
339 355 8
339 356 9
339 357 10
339 358 11
340 350 2
340 351 3
340 352 4
340 353 5
340 354 6
340 355 7
340 356 8
340 357 9
340 358 10
340 359 11
341 351 2
341 352 3
341 353 4
341 354 5
341 355 6
341 356 7
341 357 8
341 358 9
341 359 10
341 360 11
342 352 2
342 353 3
342 354 4
342 355 5
342 356 6
342 357 7
342 358 8
342 359 9
342 360 10
342 361 11
343 353 2
343 354 3
343 355 4
343 356 5
343 357 6
343 358 7
343 359 8
343 360 9
343 361 10
343 362 11
344 354 2
344 355 3
344 356 4
344 357 5
344 358 6
344 359 7
344 360 8
344 361 9
344 362 10
344 363 11
345 355 2
345 356 3
345 357 4
345 358 5
345 359 6
345 360 7
345 361 8
345 362 9
345 363 10
345 364 11
346 356 2
346 357 3
346 358 4
346 359 5
346 360 6
346 361 7
346 362 8
346 363 9
346 364 10
346 365 11
347 357 2
347 358 3
347 359 4
347 360 5
347 361 6
347 362 7
347 363 8
347 364 9
347 365 10
347 366 11
348 358 2
348 359 3
348 360 4
348 361 5
348 362 6
348 363 7
348 364 8
348 365 9
348 366 10
348 367 11
349 359 2
349 360 3
349 361 4
349 362 5
349 363 6
349 364 7
349 365 8
349 366 9
349 367 10
349 368 11
350 360 2
350 361 3
350 362 4
350 363 5
350 364 6
350 365 7
350 366 8
350 367 9
350 368 10
350 369 11
351 361 2
351 362 3
351 363 4
351 364 5
351 365 6
351 366 7
351 367 8
351 368 9
351 369 10
351 370 11
352 362 2
352 363 3
352 364 4
352 365 5
352 366 6
352 367 7
352 368 8
352 369 9
352 370 10
352 371 11
353 363 2
353 364 3
353 365 4
353 366 5
353 367 6
353 368 7
353 369 8
353 370 9
353 371 10
353 372 11
354 364 2
354 365 3
354 366 4
354 367 5
354 368 6
354 369 7
354 370 8
354 371 9
354 372 10
354 373 11
355 365 2
355 366 3
355 367 4
355 368 5
355 369 6
355 370 7
355 371 8
355 372 9
355 373 10
355 374 11
356 366 2
356 367 3
356 368 4
356 369 5
356 370 6
356 371 7
356 372 8
356 373 9
356 374 10
356 375 11
357 367 2
357 368 3
357 369 4
357 370 5
357 371 6
357 372 7
357 373 8
357 374 9
357 375 10
357 376 11
358 368 2
358 369 3
358 370 4
358 371 5
358 372 6
358 373 7
358 374 8
358 375 9
358 376 10
358 377 11
359 369 2
359 370 3
359 371 4
359 372 5
359 373 6
359 374 7
359 375 8
359 376 9
359 377 10
359 378 11
360 370 2
360 371 3
360 372 4
360 373 5
360 374 6
360 375 7
360 376 8
360 377 9
360 378 10
360 379 11
361 371 2
361 372 3
361 373 4
361 374 5
361 375 6
361 376 7
361 377 8
361 378 9
361 379 10
361 380 11
362 372 2
362 373 3
362 374 4
362 375 5
362 376 6
362 377 7
362 378 8
362 379 9
362 380 10
362 381 11
363 373 2
363 374 3
363 375 4
363 376 5
363 377 6
363 378 7
363 379 8
363 380 9
363 381 10
363 382 11
364 374 2
364 375 3
364 376 4
364 377 5
364 378 6
364 379 7
364 380 8
364 381 9
364 382 10
364 383 11
365 375 2
365 376 3
365 377 4
365 378 5
365 379 6
365 380 7
365 381 8
365 382 9
365 383 10
365 384 11
366 376 2
366 377 3
366 378 4
366 379 5
366 380 6
366 381 7
366 382 8
366 383 9
366 384 10
366 385 11
367 377 2
367 378 3
367 379 4
367 380 5
367 381 6
367 382 7
367 383 8
367 384 9
367 385 10
367 386 11
368 378 2
368 379 3
368 380 4
368 381 5
368 382 6
368 383 7
368 384 8
368 385 9
368 386 10
368 387 11
369 379 2
369 380 3
369 381 4
369 382 5
369 383 6
369 384 7
369 385 8
369 386 9
369 387 10
369 388 11
370 380 2
370 381 3
370 382 4
370 383 5
370 384 6
370 385 7
370 386 8
370 387 9
370 388 10
370 389 11
371 381 2
371 382 3
371 383 4
371 384 5
371 385 6
371 386 7
371 387 8
371 388 9
371 389 10
371 390 11
372 382 2
372 383 3
372 384 4
372 385 5
372 386 6
372 387 7
372 388 8
372 389 9
372 390 10
372 391 11
373 383 2
373 384 3
373 385 4
373 386 5
373 387 6
373 388 7
373 389 8
373 390 9
373 391 10
373 392 11
374 384 2
374 385 3
374 386 4
374 387 5
374 388 6
374 389 7
374 390 8
374 391 9
374 392 10
374 393 11
375 385 2
375 386 3
375 387 4
375 388 5
375 389 6
375 390 7
375 391 8
375 392 9
375 393 10
375 394 11
376 386 2
376 387 3
376 388 4
376 389 5
376 390 6
376 391 7
376 392 8
376 393 9
376 394 10
376 395 11
377 387 2
377 388 3
377 389 4
377 390 5
377 391 6
377 392 7
377 393 8
377 394 9
377 395 10
377 396 11
378 388 2
378 389 3
378 390 4
378 391 5
378 392 6
378 393 7
378 394 8
378 395 9
378 396 10
378 397 11
379 389 2
379 390 3
379 391 4
379 392 5
379 393 6
379 394 7
379 395 8
379 396 9
379 397 10
379 398 11
380 390 2
380 391 3
380 392 4
380 393 5
380 394 6
380 395 7
380 396 8
380 397 9
380 398 10
380 399 11
381 391 2
381 392 3
381 393 4
381 394 5
381 395 6
381 396 7
381 397 8
381 398 9
381 399 10
381 400 11
382 392 2
382 393 3
382 394 4
382 395 5
382 396 6
382 397 7
382 398 8
382 399 9
382 400 10
382 401 11
383 393 2
383 394 3
383 395 4
383 396 5
383 397 6
383 398 7
383 399 8
383 400 9
383 401 10
383 402 11
384 394 2
384 395 3
384 396 4
384 397 5
384 398 6
384 399 7
384 400 8
384 401 9
384 402 10
384 403 11
385 395 2
385 396 3
385 397 4
385 398 5
385 399 6
385 400 7
385 401 8
385 402 9
385 403 10
385 404 11
386 396 2
386 397 3
386 398 4
386 399 5
386 400 6
386 401 7
386 402 8
386 403 9
386 404 10
386 405 11
387 397 2
387 398 3
387 399 4
387 400 5
387 401 6
387 402 7
387 403 8
387 404 9
387 405 10
387 406 11
388 398 2
388 399 3
388 400 4
388 401 5
388 402 6
388 403 7
388 404 8
388 405 9
388 406 10
388 407 11
389 399 2
389 400 3
389 401 4
389 402 5
389 403 6
389 404 7
389 405 8
389 406 9
389 407 10
389 408 11
390 400 2
390 401 3
390 402 4
390 403 5
390 404 6
390 405 7
390 406 8
390 407 9
390 408 10
390 409 11
391 401 2
391 402 3
391 403 4
391 404 5
391 405 6
391 406 7
391 407 8
391 408 9
391 409 10
391 410 11
392 402 2
392 403 3
392 404 4
392 405 5
392 406 6
392 407 7
392 408 8
392 409 9
392 410 10
392 411 11
393 403 2
393 404 3
393 405 4
393 406 5
393 407 6
393 408 7
393 409 8
393 410 9
393 411 10
393 412 11
394 404 2
394 405 3
394 406 4
394 407 5
394 408 6
394 409 7
394 410 8
394 411 9
394 412 10
394 413 11
395 405 2
395 406 3
395 407 4
395 408 5
395 409 6
395 410 7
395 411 8
395 412 9
395 413 10
395 414 11
396 406 2
396 407 3
396 408 4
396 409 5
396 410 6
396 411 7
396 412 8
396 413 9
396 414 10
396 415 11
397 407 2
397 408 3
397 409 4
397 410 5
397 411 6
397 412 7
397 413 8
397 414 9
397 415 10
397 416 11
398 408 2
398 409 3
398 410 4
398 411 5
398 412 6
398 413 7
398 414 8
398 415 9
398 416 10
398 417 11
399 409 2
399 410 3
399 411 4
399 412 5
399 413 6
399 414 7
399 415 8
399 416 9
399 417 10
399 418 11
400 410 2
400 411 3
400 412 4
400 413 5
400 414 6
400 415 7
400 416 8
400 417 9
400 418 10
400 419 11
401 411 2
401 412 3
401 413 4
401 414 5
401 415 6
401 416 7
401 417 8
401 418 9
401 419 10
401 420 11
402 412 2
402 413 3
402 414 4
402 415 5
402 416 6
402 417 7
402 418 8
402 419 9
402 420 10
402 421 11
403 413 2
403 414 3
403 415 4
403 416 5
403 417 6
403 418 7
403 419 8
403 420 9
403 421 10
403 422 11
404 414 2
404 415 3
404 416 4
404 417 5
404 418 6
404 419 7
404 420 8
404 421 9
404 422 10
404 423 11
405 415 2
405 416 3
405 417 4
405 418 5
405 419 6
405 420 7
405 421 8
405 422 9
405 423 10
405 424 11
406 416 2
406 417 3
406 418 4
406 419 5
406 420 6
406 421 7
406 422 8
406 423 9
406 424 10
406 425 11
407 417 2
407 418 3
407 419 4
407 420 5
407 421 6
407 422 7
407 423 8
407 424 9
407 425 10
407 426 11
408 418 2
408 419 3
408 420 4
408 421 5
408 422 6
408 423 7
408 424 8
408 425 9
408 426 10
408 427 11
409 419 2
409 420 3
409 421 4
409 422 5
409 423 6
409 424 7
409 425 8
409 426 9
409 427 10
409 428 11
410 420 2
410 421 3
410 422 4
410 423 5
410 424 6
410 425 7
410 426 8
410 427 9
410 428 10
410 429 11
411 421 2
411 422 3
411 423 4
411 424 5
411 425 6
411 426 7
411 427 8
411 428 9
411 429 10
411 430 11
412 422 2
412 423 3
412 424 4
412 425 5
412 426 6
412 427 7
412 428 8
412 429 9
412 430 10
412 431 11
413 423 2
413 424 3
413 425 4
413 426 5
413 427 6
413 428 7
413 429 8
413 430 9
413 431 10
413 432 11
414 424 2
414 425 3
414 426 4
414 427 5
414 428 6
414 429 7
414 430 8
414 431 9
414 432 10
414 433 11
415 425 2
415 426 3
415 427 4
415 428 5
415 429 6
415 430 7
415 431 8
415 432 9
415 433 10
415 434 11
416 426 2
416 427 3
416 428 4
416 429 5
416 430 6
416 431 7
416 432 8
416 433 9
416 434 10
416 435 11
417 427 2
417 428 3
417 429 4
417 430 5
417 431 6
417 432 7
417 433 8
417 434 9
417 435 10
417 436 11
418 428 2
418 429 3
418 430 4
418 431 5
418 432 6
418 433 7
418 434 8
418 435 9
418 436 10
418 437 11
419 429 2
419 430 3
419 431 4
419 432 5
419 433 6
419 434 7
419 435 8
419 436 9
419 437 10
419 438 11
420 430 2
420 431 3
420 432 4
420 433 5
420 434 6
420 435 7
420 436 8
420 437 9
420 438 10
420 439 11
421 431 2
421 432 3
421 433 4
421 434 5
421 435 6
421 436 7
421 437 8
421 438 9
421 439 10
421 440 11
422 432 2
422 433 3
422 434 4
422 435 5
422 436 6
422 437 7
422 438 8
422 439 9
422 440 10
422 441 11
423 433 2
423 434 3
423 435 4
423 436 5
423 437 6
423 438 7
423 439 8
423 440 9
423 441 10
423 442 11
424 434 2
424 435 3
424 436 4
424 437 5
424 438 6
424 439 7
424 440 8
424 441 9
424 442 10
424 443 11
425 435 2
425 436 3
425 437 4
425 438 5
425 439 6
425 440 7
425 441 8
425 442 9
425 443 10
425 444 11
426 436 2
426 437 3
426 438 4
426 439 5
426 440 6
426 441 7
426 442 8
426 443 9
426 444 10
426 445 11
427 437 2
427 438 3
427 439 4
427 440 5
427 441 6
427 442 7
427 443 8
427 444 9
427 445 10
427 446 11
428 438 2
428 439 3
428 440 4
428 441 5
428 442 6
428 443 7
428 444 8
428 445 9
428 446 10
428 447 11
429 439 2
429 440 3
429 441 4
429 442 5
429 443 6
429 444 7
429 445 8
429 446 9
429 447 10
429 448 11
430 440 2
430 441 3
430 442 4
430 443 5
430 444 6
430 445 7
430 446 8
430 447 9
430 448 10
430 449 11
431 441 2
431 442 3
431 443 4
431 444 5
431 445 6
431 446 7
431 447 8
431 448 9
431 449 10
431 450 11
432 442 2
432 443 3
432 444 4
432 445 5
432 446 6
432 447 7
432 448 8
432 449 9
432 450 10
432 451 11
433 443 2
433 444 3
433 445 4
433 446 5
433 447 6
433 448 7
433 449 8
433 450 9
433 451 10
433 452 11
434 444 2
434 445 3
434 446 4
434 447 5
434 448 6
434 449 7
434 450 8
434 451 9
434 452 10
434 453 11
435 445 2
435 446 3
435 447 4
435 448 5
435 449 6
435 450 7
435 451 8
435 452 9
435 453 10
435 454 11
436 446 2
436 447 3
436 448 4
436 449 5
436 450 6
436 451 7
436 452 8
436 453 9
436 454 10
436 455 11
437 447 2
437 448 3
437 449 4
437 450 5
437 451 6
437 452 7
437 453 8
437 454 9
437 455 10
437 456 11
438 448 2
438 449 3
438 450 4
438 451 5
438 452 6
438 453 7
438 454 8
438 455 9
438 456 10
438 457 11
439 449 2
439 450 3
439 451 4
439 452 5
439 453 6
439 454 7
439 455 8
439 456 9
439 457 10
439 458 11
440 450 2
440 451 3
440 452 4
440 453 5
440 454 6
440 455 7
440 456 8
440 457 9
440 458 10
440 459 11
441 451 2
441 452 3
441 453 4
441 454 5
441 455 6
441 456 7
441 457 8
441 458 9
441 459 10
441 460 11
442 452 2
442 453 3
442 454 4
442 455 5
442 456 6
442 457 7
442 458 8
442 459 9
442 460 10
442 461 11
443 453 2
443 454 3
443 455 4
443 456 5
443 457 6
443 458 7
443 459 8
443 460 9
443 461 10
443 462 11
444 454 2
444 455 3
444 456 4
444 457 5
444 458 6
444 459 7
444 460 8
444 461 9
444 462 10
444 463 11
445 455 2
445 456 3
445 457 4
445 458 5
445 459 6
445 460 7
445 461 8
445 462 9
445 463 10
445 464 11
446 456 2
446 457 3
446 458 4
446 459 5
446 460 6
446 461 7
446 462 8
446 463 9
446 464 10
446 465 11
447 457 2
447 458 3
447 459 4
447 460 5
447 461 6
447 462 7
447 463 8
447 464 9
447 465 10
447 466 11
448 458 2
448 459 3
448 460 4
448 461 5
448 462 6
448 463 7
448 464 8
448 465 9
448 466 10
448 467 11
449 459 2
449 460 3
449 461 4
449 462 5
449 463 6
449 464 7
449 465 8
449 466 9
449 467 10
449 468 11
450 460 2
450 461 3
450 462 4
450 463 5
450 464 6
450 465 7
450 466 8
450 467 9
450 468 10
450 469 11
451 461 2
451 462 3
451 463 4
451 464 5
451 465 6
451 466 7
451 467 8
451 468 9
451 469 10
451 470 11
452 462 2
452 463 3
452 464 4
452 465 5
452 466 6
452 467 7
452 468 8
452 469 9
452 470 10
452 471 11
453 463 2
453 464 3
453 465 4
453 466 5
453 467 6
453 468 7
453 469 8
453 470 9
453 471 10
453 472 11
454 464 2
454 465 3
454 466 4
454 467 5
454 468 6
454 469 7
454 470 8
454 471 9
454 472 10
454 473 11
455 465 2
455 466 3
455 467 4
455 468 5
455 469 6
455 470 7
455 471 8
455 472 9
455 473 10
455 474 11
456 466 2
456 467 3
456 468 4
456 469 5
456 470 6
456 471 7
456 472 8
456 473 9
456 474 10
456 475 11
457 467 2
457 468 3
457 469 4
457 470 5
457 471 6
457 472 7
457 473 8
457 474 9
457 475 10
457 476 11
458 468 2
458 469 3
458 470 4
458 471 5
458 472 6
458 473 7
458 474 8
458 475 9
458 476 10
458 477 11
459 469 2
459 470 3
459 471 4
459 472 5
459 473 6
459 474 7
459 475 8
459 476 9
459 477 10
459 478 11
460 470 2
460 471 3
460 472 4
460 473 5
460 474 6
460 475 7
460 476 8
460 477 9
460 478 10
460 479 11
461 471 2
461 472 3
461 473 4
461 474 5
461 475 6
461 476 7
461 477 8
461 478 9
461 479 10
461 480 11
462 472 2
462 473 3
462 474 4
462 475 5
462 476 6
462 477 7
462 478 8
462 479 9
462 480 10
462 481 11
463 473 2
463 474 3
463 475 4
463 476 5
463 477 6
463 478 7
463 479 8
463 480 9
463 481 10
463 482 11
464 474 2
464 475 3
464 476 4
464 477 5
464 478 6
464 479 7
464 480 8
464 481 9
464 482 10
464 483 11
465 475 2
465 476 3
465 477 4
465 478 5
465 479 6
465 480 7
465 481 8
465 482 9
465 483 10
465 484 11
466 476 2
466 477 3
466 478 4
466 479 5
466 480 6
466 481 7
466 482 8
466 483 9
466 484 10
466 485 11
467 477 2
467 478 3
467 479 4
467 480 5
467 481 6
467 482 7
467 483 8
467 484 9
467 485 10
467 486 11
468 478 2
468 479 3
468 480 4
468 481 5
468 482 6
468 483 7
468 484 8
468 485 9
468 486 10
468 487 11
469 479 2
469 480 3
469 481 4
469 482 5
469 483 6
469 484 7
469 485 8
469 486 9
469 487 10
469 488 11
470 480 2
470 481 3
470 482 4
470 483 5
470 484 6
470 485 7
470 486 8
470 487 9
470 488 10
470 489 11
471 481 2
471 482 3
471 483 4
471 484 5
471 485 6
471 486 7
471 487 8
471 488 9
471 489 10
471 490 11
472 482 2
472 483 3
472 484 4
472 485 5
472 486 6
472 487 7
472 488 8
472 489 9
472 490 10
472 491 11
473 483 2
473 484 3
473 485 4
473 486 5
473 487 6
473 488 7
473 489 8
473 490 9
473 491 10
473 492 11
474 484 2
474 485 3
474 486 4
474 487 5
474 488 6
474 489 7
474 490 8
474 491 9
474 492 10
474 493 11
475 485 2
475 486 3
475 487 4
475 488 5
475 489 6
475 490 7
475 491 8
475 492 9
475 493 10
475 494 11
476 486 2
476 487 3
476 488 4
476 489 5
476 490 6
476 491 7
476 492 8
476 493 9
476 494 10
476 495 11
477 487 2
477 488 3
477 489 4
477 490 5
477 491 6
477 492 7
477 493 8
477 494 9
477 495 10
477 496 11
478 488 2
478 489 3
478 490 4
478 491 5
478 492 6
478 493 7
478 494 8
478 495 9
478 496 10
478 497 11
479 489 2
479 490 3
479 491 4
479 492 5
479 493 6
479 494 7
479 495 8
479 496 9
479 497 10
479 498 11
480 490 2
480 491 3
480 492 4
480 493 5
480 494 6
480 495 7
480 496 8
480 497 9
480 498 10
480 499 11
481 491 2
481 492 3
481 493 4
481 494 5
481 495 6
481 496 7
481 497 8
481 498 9
481 499 10
481 500 11
482 492 2
482 493 3
482 494 4
482 495 5
482 496 6
482 497 7
482 498 8
482 499 9
482 500 10
482 501 11
483 493 2
483 494 3
483 495 4
483 496 5
483 497 6
483 498 7
483 499 8
483 500 9
483 501 10
483 502 11
484 494 2
484 495 3
484 496 4
484 497 5
484 498 6
484 499 7
484 500 8
484 501 9
484 502 10
484 503 11
485 495 2
485 496 3
485 497 4
485 498 5
485 499 6
485 500 7
485 501 8
485 502 9
485 503 10
485 504 11
486 496 2
486 497 3
486 498 4
486 499 5
486 500 6
486 501 7
486 502 8
486 503 9
486 504 10
486 505 11
487 497 2
487 498 3
487 499 4
487 500 5